name: drl-grasp
channels:
  - pytorch
  - conda-forge
  - defaults
dependencies:
  - _libgcc_mutex=0.1=main
  - blas=1.0=mkl
  - bzip2=1.0.8=h516909a_3
  - ca-certificates=2021.1.19=h06a4308_0
  - certifi=2020.12.5=py38h578d9bd_1
  - cloudpickle=1.6.0=py_0
  - cudatoolkit=11.0.221=h6bb024c_0
  - cycler=0.10.0=py_2
  - ffmpeg=4.3.1=h3215721_1
  - freetype=2.10.4=h7ca028e_0
  - future=0.18.2=py38h578d9bd_3
  - gmp=6.2.1=h58526e2_0
  - gnutls=3.6.13=h85f3911_1
  - gym=0.18.0=py38h81c977d_0
  - icu=67.1=he1b5a44_0
  - intel-openmp=2020.2=254
  - jpeg=9d=h36c2ea0_0
  - kiwisolver=1.3.1=py38h82cb98a_0
  - lame=3.100=h14c3975_1001
  - lcms2=2.11=hcbb858e_1
  - ld_impl_linux-64=2.33.1=h53a641e_7
  - libedit=3.1.20191231=h14c3975_1
  - libffi=3.3=he6710b0_2
  - libgcc-ng=9.1.0=hdf63c60_0
  - libgfortran-ng=7.5.0=h14aa051_18
  - libgfortran4=7.5.0=h14aa051_18
  - libiconv=1.16=h516909a_0
  - libpng=1.6.37=h21135ba_2
  - libprotobuf=3.14.0=h8c45485_0
  - libstdcxx-ng=9.1.0=hdf63c60_0
  - libtiff=4.1.0=h2733197_1
  - libuv=1.40.0=h7b6447c_0
  - lz4-c=1.9.2=he1b5a44_3
  - matplotlib=3.2.2=1
  - matplotlib-base=3.2.2=py38h5d868c9_1
  - mkl=2020.2=256
  - mkl-service=2.3.0=py38he904b0f_0
  - mkl_fft=1.2.0=py38h23d657b_0
  - mkl_random=1.1.1=py38h0573a6f_0
  - ncurses=6.2=he6710b0_1
  - nettle=3.6=he412f7d_0
  - ninja=1.10.2=py38hff7bd54_0
  - numpy=1.19.2=py38h54aff64_0
  - numpy-base=1.19.2=py38hfa32c7d_0
  - olefile=0.46=pyh9f0ad1d_1
  - openh264=2.1.1=h8b12597_0
  - openssl=1.1.1i=h27cfd23_0
  - pillow=7.2.0=py38h9776b28_2
  - pip=20.3.3=py38h06a4308_0
  - protobuf=3.14.0=py38h2531618_1
  - pyglet=1.5.15=py38h578d9bd_0
  - pyparsing=2.4.7=pyh9f0ad1d_0
  - python=3.8.5=h7579374_1
  - python-dateutil=2.8.1=py_0
  - python_abi=3.8=1_cp38
  - pytorch=1.7.1=py3.8_cuda11.0.221_cudnn8.0.5_0
  - readline=8.1=h27cfd23_0
  - scipy=1.6.0=py38h91f5cce_0
  - setuptools=52.0.0=py38h06a4308_0
  - six=1.15.0=py38h06a4308_0
  - sqlite=3.33.0=h62c20be_0
  - tensorboardx=2.1=py_0
  - tk=8.6.10=hbc83047_0
  - torchvision=0.2.2=py_3
  - tornado=6.1=py38h25fe258_0
  - typing_extensions=3.7.4.3=pyha847dfd_0
  - wheel=0.36.2=pyhd3eb1b0_0
  - x264=1!152.20180806=h14c3975_0
  - xz=5.2.5=h7b6447c_0
  - zlib=1.2.11=h7b6447c_3
  - zstd=1.4.5=h9ceee32_0
  - pip:
    - pybullet==3.0.8
prefix: /home/silvester/anaconda3/envs/drl-grasp

